

 Move0 - Player: 0:
[1,1,2,1,1,2]
[2,2,1,1,1,2]
[2,2,1,2,2,1]
[1,2,2,1,2,2]
[2,1,1,1,2,2]
[2,1,1,2,1,1]


 Move1 - Player: 1:
[0,1,2,1,1,2]
[1,2,1,1,1,2]
[2,2,1,2,2,1]
[2,2,2,1,2,2]
[1,1,1,1,2,2]
[2,1,1,2,1,1]


 Move2 - Player: 2:
[2,1,2,1,1,2]
[2,2,1,1,1,2]
[0,2,1,2,2,1]
[0,2,2,1,2,2]
[1,1,1,1,2,2]
[2,1,1,2,1,1]


 Move3 - Player: 1:
[1,0,2,1,1,2]
[2,2,1,1,1,2]
[0,2,1,2,2,1]
[0,2,2,1,2,2]
[1,1,1,1,2,2]
[2,1,1,2,1,1]


 Move4 - Player: 2:
[1,0,2,1,1,2]
[2,2,1,1,1,2]
[0,2,1,2,2,1]
[0,2,0,1,2,2]
[1,1,0,1,2,2]
[2,1,2,2,1,1]


 Move5 - Player: 1:
[0,0,2,1,1,2]
[0,2,1,1,1,2]
[0,2,1,2,2,1]
[1,2,0,1,2,2]
[2,1,0,1,2,2]
[1,1,2,2,1,1]


 Move6 - Player: 2:
[0,0,2,1,1,2]
[0,2,1,1,1,2]
[0,2,1,2,2,1]
[2,1,2,0,0,2]
[2,1,0,1,2,2]
[1,1,2,2,1,1]


 Move7 - Player: 1:
[0,0,2,0,1,2]
[0,2,1,0,1,2]
[0,2,1,1,2,1]
[2,1,2,1,0,2]
[2,1,0,2,2,2]
[1,1,2,1,1,1]


 Move8 - Player: 2:
[0,0,2,0,1,2]
[0,2,1,0,2,2]
[0,2,1,1,2,1]
[2,1,2,1,0,2]
[2,1,0,2,0,2]
[1,1,2,1,1,1]


 Move9 - Player: 1:
[1,0,0,0,0,2]
[0,2,1,0,2,2]
[0,2,1,1,2,1]
[2,1,2,1,0,2]
[2,1,0,2,0,2]
[1,1,2,1,1,1]


 Move10 - Player: 2:
[1,0,0,0,0,2]
[0,2,1,0,2,2]
[0,2,1,1,2,1]
[2,1,2,1,0,2]
[2,1,0,2,2,0]
[1,1,2,1,1,1]


 Move11 - Player: 1:
[0,0,0,0,0,1]
[0,2,1,0,2,2]
[0,2,1,1,2,1]
[2,1,2,1,0,2]
[2,1,0,2,2,0]
[1,1,2,1,1,1]


 Move12 - Player: 2:
[0,0,0,0,0,1]
[0,2,1,0,2,2]
[0,2,1,1,2,1]
[2,1,2,1,0,2]
[2,1,0,2,2,0]
[1,2,0,1,1,1]


 Move13 - Player: 1:
[0,0,0,0,1,0]
[0,2,1,0,2,2]
[0,2,1,1,2,1]
[2,1,2,1,0,2]
[2,1,0,2,2,0]
[1,2,0,1,1,1]


 Move14 - Player: 2:
[0,0,0,0,1,0]
[0,2,1,0,2,2]
[0,2,1,1,2,1]
[2,1,2,1,0,2]
[2,1,0,2,0,2]
[1,2,0,1,1,1]


 Move15 - Player: 1:
[0,0,0,0,0,1]
[0,2,1,0,2,2]
[0,2,1,1,2,1]
[2,1,2,1,0,2]
[2,1,0,2,0,2]
[1,2,0,1,1,1]


 Move16 - Player: 2:
[0,2,0,0,0,1]
[0,0,1,0,2,2]
[0,2,1,1,2,1]
[2,1,2,1,0,2]
[2,1,0,2,0,2]
[1,2,0,1,1,1]


 Move17 - Player: 1:
[1,0,0,0,0,0]
[0,0,1,0,2,2]
[0,2,1,1,2,1]
[2,1,2,1,0,2]
[2,1,0,2,0,2]
[1,2,0,1,1,1]


 Move18 - Player: 2:
[2,0,0,0,0,0]
[0,0,1,0,2,2]
[0,2,1,1,2,1]
[0,1,2,1,0,2]
[2,1,0,2,0,2]
[1,2,0,1,1,1]


 Move19 - Player: 1:
[2,0,0,0,0,0]
[0,0,0,0,2,2]
[0,2,0,1,2,1]
[0,1,0,1,0,2]
[2,1,1,2,0,2]
[1,2,1,1,1,1]


 Move20 - Player: 2:
[2,0,0,0,0,0]
[0,0,0,0,0,2]
[0,2,0,1,0,1]
[0,1,0,1,0,2]
[2,1,1,2,2,2]
[1,2,1,1,2,1]


 Move21 - Player: 1:
[2,0,0,0,0,0]
[0,0,0,0,0,2]
[1,0,0,0,0,1]
[0,1,0,1,0,2]
[2,1,1,2,2,2]
[1,2,1,1,2,1]


 Move22 - Player: 2:
[2,0,0,0,0,0]
[0,0,0,0,0,0]
[1,0,0,0,0,2]
[0,1,0,1,0,1]
[2,1,1,2,2,2]
[1,2,1,1,2,2]


 Move23 - Player: 1:
[1,0,0,0,0,0]
[0,0,0,0,0,0]
[0,0,0,0,0,2]
[0,1,0,1,0,1]
[2,1,1,2,2,2]
[1,2,1,1,2,2]


 Move24 - Player: 2:
[1,0,0,0,0,0]
[0,0,0,0,0,0]
[0,0,0,0,0,2]
[0,1,0,1,0,1]
[0,1,1,2,2,2]
[2,2,1,1,2,2]


 Move25 - Player: 1:
[0,0,0,0,0,0]
[0,0,0,0,0,0]
[0,0,0,0,0,2]
[0,1,0,1,0,1]
[0,1,1,2,2,2]
[1,2,1,1,2,2]


 Move26 - Player: 2:
[0,0,0,0,0,0]
[0,0,0,0,0,0]
[0,0,0,0,0,2]
[0,1,0,1,0,1]
[2,2,2,0,0,0]
[1,2,1,1,2,2]


 Move27 - Player: 1:
[0,0,0,0,0,0]
[0,0,0,0,0,0]
[0,0,0,0,0,2]
[0,0,0,1,0,1]
[2,1,2,0,0,0]
[1,2,1,1,2,2]


 Move28 - Player: 2:
[0,0,0,0,0,0]
[0,0,0,0,0,0]
[0,0,0,0,0,2]
[0,0,0,1,0,1]
[2,1,2,0,0,0]
[2,1,1,2,2,0]


 Move29 - Player: 1:
[0,0,0,0,0,0]
[0,0,0,0,0,0]
[0,0,0,0,0,2]
[0,0,0,0,0,1]
[2,1,2,0,0,0]
[2,1,1,1,2,0]


 Move30 - Player: 2:
[0,0,0,0,0,0]
[0,0,0,0,0,0]
[0,0,0,0,2,0]
[0,0,0,0,0,1]
[2,1,2,0,0,0]
[2,1,1,1,2,0]


 Move31 - Player: 1:
[0,0,0,0,0,0]
[0,0,0,0,0,0]
[0,0,0,0,2,1]
[0,0,0,0,0,0]
[2,1,2,0,0,0]
[2,1,1,1,2,0]


 Move32 - Player: 2:
[0,0,0,0,0,0]
[0,0,0,0,0,0]
[0,0,0,0,2,1]
[0,0,0,0,0,0]
[2,1,2,0,2,0]
[2,1,1,1,0,0]


 Move33 - Player: 1:
[0,0,0,0,0,0]
[0,0,0,0,0,0]
[1,0,0,0,0,0]
[0,0,0,0,0,0]
[2,1,2,0,2,0]
[2,1,1,1,0,0]


 Move34 - Player: 2:
[0,0,0,0,0,0]
[0,0,0,0,0,0]
[1,0,0,0,0,0]
[0,0,2,0,0,0]
[2,1,0,0,2,0]
[2,1,1,1,0,0]


 Move35 - Player: 1:
[0,0,0,0,0,0]
[0,0,0,0,0,0]
[0,0,0,0,0,0]
[0,0,2,0,0,0]
[1,1,0,0,2,0]
[2,1,1,1,0,0]


 Move36 - Player: 2:
[0,0,0,0,0,0]
[0,0,0,0,0,0]
[0,0,0,0,0,0]
[0,0,2,0,0,0]
[1,1,0,0,2,0]
[0,0,0,2,1,1]


 Move37 - Player: 1:
[0,0,0,0,0,0]
[0,0,0,0,0,0]
[0,0,0,0,0,0]
[0,0,2,0,0,0]
[0,0,0,0,1,1]
[0,0,0,2,1,1]


 Move38 - Player: 2:
[0,0,0,0,0,0]
[0,0,0,0,0,0]
[0,0,0,0,0,0]
[0,0,2,0,0,0]
[0,0,0,0,1,1]
[0,0,2,0,1,1]


 Move39 - Player: 1:
[0,0,0,0,0,0]
[0,0,0,0,0,0]
[0,0,0,0,0,0]
[0,0,2,0,1,0]
[0,0,0,0,0,1]
[0,0,2,0,1,1]


 Move40 - Player: 2:
[0,0,0,0,0,0]
[0,0,0,0,0,0]
[0,0,0,0,0,0]
[0,0,2,0,1,0]
[0,0,0,0,0,1]
[0,0,0,0,2,1]


 Move41 - Player: 1:
[0,0,0,0,0,0]
[0,0,0,0,0,0]
[0,0,0,0,0,0]
[0,0,2,0,0,0]
[0,0,0,0,0,1]
[0,0,0,0,1,1]


 Move42 - Player: 2:
[0,0,0,0,0,0]
[0,0,0,0,0,0]
[0,0,2,0,0,0]
[0,0,0,0,0,0]
[0,0,0,0,0,1]
[0,0,0,0,1,1]


 Move43 - Player: 1:
[0,0,0,0,0,0]
[0,0,0,0,0,0]
[0,0,2,0,0,0]
[0,0,0,0,0,1]
[0,0,0,0,0,0]
[0,0,0,0,1,1]


 Move44 - Player: 2:
[0,0,0,0,0,0]
[0,0,0,0,0,0]
[0,2,0,0,0,0]
[0,0,0,0,0,1]
[0,0,0,0,0,0]
[0,0,0,0,1,1]


 Move45 - Player: 1:
[0,0,0,0,0,0]
[0,0,0,0,0,0]
[0,2,0,0,0,1]
[0,0,0,0,0,0]
[0,0,0,0,0,0]
[0,0,0,0,1,1]


 Move46 - Player: 2:
[0,0,0,0,0,0]
[0,0,0,0,0,0]
[0,0,0,0,0,2]
[0,0,0,0,0,0]
[0,0,0,0,0,0]
[0,0,0,0,1,1]


 Move47 - Player: 1:
[0,0,0,0,0,0]
[0,0,0,0,0,0]
[0,0,0,0,0,2]
[0,0,0,0,0,0]
[0,0,0,0,1,0]
[0,0,0,0,0,1]


 Move48 - Player: 2:
[0,0,0,0,0,0]
[0,0,0,0,0,0]
[0,0,0,0,2,0]
[0,0,0,0,0,0]
[0,0,0,0,1,0]
[0,0,0,0,0,1]


 Move49 - Player: 1:
[0,0,0,0,1,0]
[0,0,0,0,0,0]
[0,0,0,0,0,0]
[0,0,0,0,0,0]
[0,0,0,0,0,0]
[0,0,0,0,0,1]
