write_state_id
0 0 1 1 1 0 0 0
0 0 1 1 1 0 0 0
0 0 1 1 1 0 0 0
1 1 1 1 1 1 1 1
1 1 1 0 1 1 1 1
1 1 1 1 1 1 1 1
0 0 1 1 1 0 0 0
0 0 1 1 1 0 0 0

write_state_id
0 0 1 1 1 0 0 0
0 0 1 1 1 0 0 0
0 0 1 1 1 0 0 0
1 1 1 1 1 1 1 1
1 1 1 1 1 1 1 1
1 1 1 0 1 1 1 1
0 0 1 0 1 0 0 0
0 0 1 1 1 0 0 0

write_state_id
0 0 1 1 1 0 0 0
0 0 1 1 1 0 0 0
0 0 1 1 1 0 0 0
1 1 1 1 1 1 1 1
1 1 1 1 1 1 1 1
1 0 0 1 1 1 1 1
0 0 1 0 1 0 0 0
0 0 1 1 1 0 0 0

write_state_id
0 0 1 1 1 0 0 0
0 0 1 1 1 0 0 0
0 0 1 1 1 0 0 0
1 1 1 1 1 1 1 1
1 1 1 1 1 1 1 1
1 0 1 1 1 1 1 1
0 0 0 0 1 0 0 0
0 0 0 1 1 0 0 0

write_state_id
0 0 1 1 1 0 0 0
0 0 1 1 1 0 0 0
0 0 1 1 1 0 0 0
1 1 1 1 1 1 1 1
1 1 1 1 1 1 1 1
1 0 1 1 1 1 1 1
0 0 0 0 1 0 0 0
0 0 1 0 0 0 0 0

write_state_id
0 0 1 1 1 0 0 0
0 0 1 1 1 0 0 0
0 0 1 1 1 0 0 0
1 1 1 1 1 1 1 1
1 1 1 1 1 1 1 1
1 0 1 1 0 1 1 1
0 0 0 0 0 0 0 0
0 0 1 0 1 0 0 0

write_state_id
0 0 1 1 1 0 0 0
0 0 1 1 1 0 0 0
0 0 1 1 1 0 0 0
1 1 1 1 1 1 1 1
1 1 1 1 1 1 1 1
1 0 1 1 1 0 0 1
0 0 0 0 0 0 0 0
0 0 1 0 1 0 0 0

write_state_id
0 0 1 1 1 0 0 0
0 0 1 1 1 0 0 0
0 0 1 1 1 0 0 0
1 1 1 1 1 1 0 1
1 1 1 1 1 1 0 1
1 0 1 1 1 0 1 1
0 0 0 0 0 0 0 0
0 0 1 0 1 0 0 0

write_state_id
0 0 1 1 1 0 0 0
0 0 1 1 1 0 0 0
0 0 1 1 1 0 0 0
1 1 1 1 1 1 0 1
1 1 1 1 1 1 0 1
1 0 1 1 1 1 0 0
0 0 0 0 0 0 0 0
0 0 1 0 1 0 0 0

write_state_id
0 0 1 1 1 0 0 0
0 0 1 1 1 0 0 0
0 0 1 1 1 0 0 0
1 1 1 1 1 1 0 0
1 1 1 1 1 1 0 0
1 0 1 1 1 1 0 1
0 0 0 0 0 0 0 0
0 0 1 0 1 0 0 0

write_state_id
0 0 1 1 1 0 0 0
0 0 1 1 1 0 0 0
0 0 1 1 1 0 0 0
1 1 1 1 1 1 0 0
1 1 1 1 1 1 0 0
1 0 1 1 0 0 1 1
0 0 0 0 0 0 0 0
0 0 1 0 1 0 0 0

write_state_id
0 0 1 1 1 0 0 0
0 0 1 1 1 0 0 0
0 0 1 1 1 0 0 0
1 1 1 1 1 1 0 0
1 1 1 1 1 1 0 0
1 0 1 1 0 1 0 0
0 0 0 0 0 0 0 0
0 0 1 0 1 0 0 0

write_state_id
0 0 1 1 1 0 0 0
0 0 1 1 1 0 0 0
0 0 1 1 1 0 0 0
1 1 1 1 1 1 0 0
1 1 1 1 1 1 0 0
1 0 0 0 1 1 0 0
0 0 0 0 0 0 0 0
0 0 1 0 1 0 0 0

write_state_id
0 0 1 1 1 0 0 0
0 0 1 1 1 0 0 0
0 0 1 1 1 0 0 0
1 1 1 1 1 1 0 0
1 1 1 1 1 1 0 0
1 0 0 1 0 0 0 0
0 0 0 0 0 0 0 0
0 0 1 0 1 0 0 0

write_state_id
0 0 1 1 1 0 0 0
0 0 1 1 1 0 0 0
0 0 1 1 1 0 0 0
1 1 0 1 1 1 0 0
1 1 0 1 1 1 0 0
1 0 1 1 0 0 0 0
0 0 0 0 0 0 0 0
0 0 1 0 1 0 0 0

write_state_id
0 0 1 1 1 0 0 0
0 0 1 1 1 0 0 0
0 0 1 1 1 0 0 0
0 0 1 1 1 1 0 0
1 1 0 1 1 1 0 0
1 0 1 1 0 0 0 0
0 0 0 0 0 0 0 0
0 0 1 0 1 0 0 0

write_state_id
0 0 1 1 1 0 0 0
0 0 1 1 1 0 0 0
0 0 1 1 1 0 0 0
1 0 1 1 1 1 0 0
0 1 0 1 1 1 0 0
0 0 1 1 0 0 0 0
0 0 0 0 0 0 0 0
0 0 1 0 1 0 0 0

write_state_id
0 0 1 1 1 0 0 0
0 0 1 1 1 0 0 0
0 0 1 1 1 0 0 0
1 1 0 0 1 1 0 0
0 1 0 1 1 1 0 0
0 0 1 1 0 0 0 0
0 0 0 0 0 0 0 0
0 0 1 0 1 0 0 0

write_state_id
0 0 1 1 1 0 0 0
0 0 1 1 1 0 0 0
0 0 1 1 1 0 0 0
0 0 1 0 1 1 0 0
0 1 0 1 1 1 0 0
0 0 1 1 0 0 0 0
0 0 0 0 0 0 0 0
0 0 1 0 1 0 0 0

write_state_id
0 0 1 1 1 0 0 0
0 0 1 1 1 0 0 0
0 0 0 1 1 0 0 0
0 0 0 0 1 1 0 0
0 1 1 1 1 1 0 0
0 0 1 1 0 0 0 0
0 0 0 0 0 0 0 0
0 0 1 0 1 0 0 0

write_state_id
0 0 0 1 1 0 0 0
0 0 0 1 1 0 0 0
0 0 1 1 1 0 0 0
0 0 0 0 1 1 0 0
0 1 1 1 1 1 0 0
0 0 1 1 0 0 0 0
0 0 0 0 0 0 0 0
0 0 1 0 1 0 0 0

write_state_id
0 0 1 0 0 0 0 0
0 0 0 1 1 0 0 0
0 0 1 1 1 0 0 0
0 0 0 0 1 1 0 0
0 1 1 1 1 1 0 0
0 0 1 1 0 0 0 0
0 0 0 0 0 0 0 0
0 0 1 0 1 0 0 0

write_state_id
0 0 1 0 0 0 0 0
0 0 0 0 1 0 0 0
0 0 1 0 1 0 0 0
0 0 0 1 1 1 0 0
0 1 1 1 1 1 0 0
0 0 1 1 0 0 0 0
0 0 0 0 0 0 0 0
0 0 1 0 1 0 0 0

write_state_id
0 0 1 0 0 0 0 0
0 0 0 0 1 0 0 0
0 0 1 0 1 0 0 0
0 0 1 0 0 1 0 0
0 1 1 1 1 1 0 0
0 0 1 1 0 0 0 0
0 0 0 0 0 0 0 0
0 0 1 0 1 0 0 0

write_state_id
0 0 1 0 0 0 0 0
0 0 1 0 1 0 0 0
0 0 0 0 1 0 0 0
0 0 0 0 0 1 0 0
0 1 1 1 1 1 0 0
0 0 1 1 0 0 0 0
0 0 0 0 0 0 0 0
0 0 1 0 1 0 0 0

write_state_id
0 0 0 0 0 0 0 0
0 0 0 0 1 0 0 0
0 0 1 0 1 0 0 0
0 0 0 0 0 1 0 0
0 1 1 1 1 1 0 0
0 0 1 1 0 0 0 0
0 0 0 0 0 0 0 0
0 0 1 0 1 0 0 0

write_state_id
0 0 0 0 0 0 0 0
0 0 0 0 1 0 0 0
0 0 1 0 1 0 0 0
0 0 0 0 0 1 0 0
0 1 0 1 1 1 0 0
0 0 0 1 0 0 0 0
0 0 1 0 0 0 0 0
0 0 1 0 1 0 0 0

write_state_id
0 0 0 0 0 0 0 0
0 0 0 0 1 0 0 0
0 0 1 0 1 0 0 0
0 0 0 0 0 1 0 0
0 1 0 1 1 1 0 0
0 0 1 1 0 0 0 0
0 0 0 0 0 0 0 0
0 0 0 0 1 0 0 0

write_state_id
0 0 0 0 0 0 0 0
0 0 0 0 1 0 0 0
0 0 1 0 1 0 0 0
0 0 0 0 0 1 0 0
0 1 0 1 1 1 0 0
0 0 0 0 1 0 0 0
0 0 0 0 0 0 0 0
0 0 0 0 1 0 0 0

write_state_id
0 0 0 0 0 0 0 0
0 0 0 0 1 0 0 0
0 0 1 0 1 0 0 0
0 0 0 0 0 1 0 0
0 1 0 1 0 1 0 0
0 0 0 0 0 0 0 0
0 0 0 0 1 0 0 0
0 0 0 0 1 0 0 0

write_state_id
0 0 0 0 0 0 0 0
0 0 0 0 1 0 0 0
0 0 1 0 1 0 0 0
0 0 0 0 0 1 0 0
0 1 0 1 0 1 0 0
0 0 0 0 1 0 0 0
0 0 0 0 0 0 0 0
0 0 0 0 0 0 0 0

write_state_id
0 0 0 0 0 0 0 0
0 0 0 0 1 0 0 0
0 0 1 0 1 0 0 0
0 0 0 0 0 0 0 0
0 1 0 1 0 0 0 0
0 0 0 0 1 1 0 0
0 0 0 0 0 0 0 0
0 0 0 0 0 0 0 0

write_state_id
0 0 0 0 0 0 0 0
0 0 0 0 1 0 0 0
0 0 1 0 1 0 0 0
0 0 0 0 0 0 0 0
0 1 0 1 0 0 0 0
0 0 0 1 0 0 0 0
0 0 0 0 0 0 0 0
0 0 0 0 0 0 0 0

write_state_id
0 0 0 0 0 0 0 0
0 0 0 0 1 0 0 0
0 0 1 0 1 0 0 0
0 0 0 1 0 0 0 0
0 1 0 0 0 0 0 0
0 0 0 0 0 0 0 0
0 0 0 0 0 0 0 0
0 0 0 0 0 0 0 0

write_state_id
0 0 0 0 0 0 0 0
0 0 0 0 0 0 0 0
0 0 1 0 0 0 0 0
0 0 0 1 1 0 0 0
0 1 0 0 0 0 0 0
0 0 0 0 0 0 0 0
0 0 0 0 0 0 0 0
0 0 0 0 0 0 0 0

write_state_id
0 0 0 0 0 0 0 0
0 0 0 0 0 0 0 0
0 0 1 0 0 0 0 0
0 0 1 0 0 0 0 0
0 1 0 0 0 0 0 0
0 0 0 0 0 0 0 0
0 0 0 0 0 0 0 0
0 0 0 0 0 0 0 0

write_state_id
0 0 0 0 0 0 0 0
0 0 0 0 0 0 0 0
0 0 0 0 0 0 0 0
0 0 0 0 0 0 0 0
0 1 1 0 0 0 0 0
0 0 0 0 0 0 0 0
0 0 0 0 0 0 0 0
0 0 0 0 0 0 0 0

write_state_id
0 0 0 0 0 0 0 0
0 0 0 0 0 0 0 0
0 0 0 0 0 0 0 0
0 0 0 0 0 0 0 0
0 0 0 1 0 0 0 0
0 0 0 0 0 0 0 0
0 0 0 0 0 0 0 0
0 0 0 0 0 0 0 0

AStar Time: 0

Queue: 7928
Visited: 15247
Sum: 23175