write_state_id
0 0 1 1 1 0 0 0
0 0 1 1 1 0 0 0
0 0 1 1 1 0 0 0
1 1 1 1 1 1 1 1
1 1 1 0 1 1 1 1
1 1 1 1 1 1 1 1
0 0 1 1 1 0 0 0
0 0 1 1 1 0 0 0

write_state_id
0 0 1 1 1 0 0 0
0 0 1 1 1 0 0 0
0 0 1 1 1 0 0 0
1 1 1 1 1 1 1 1
1 0 0 1 1 1 1 1
1 1 1 1 1 1 1 1
0 0 1 1 1 0 0 0
0 0 1 1 1 0 0 0

write_state_id
0 0 1 1 1 0 0 0
0 0 1 1 1 0 0 0
0 0 1 1 1 0 0 0
1 1 1 1 1 1 1 1
1 0 1 1 1 1 1 1
1 1 0 1 1 1 1 1
0 0 0 1 1 0 0 0
0 0 1 1 1 0 0 0

write_state_id
0 0 1 1 1 0 0 0
0 0 1 1 1 0 0 0
0 0 1 1 1 0 0 0
1 1 1 1 1 1 1 1
1 0 1 1 1 1 1 1
1 1 1 0 0 1 1 1
0 0 0 1 1 0 0 0
0 0 1 1 1 0 0 0

write_state_id
0 0 1 1 1 0 0 0
0 0 1 1 1 0 0 0
0 0 1 1 1 0 0 0
1 1 1 1 1 1 1 1
1 1 0 0 1 1 1 1
1 1 1 0 0 1 1 1
0 0 0 1 1 0 0 0
0 0 1 1 1 0 0 0

write_state_id
0 0 1 1 1 0 0 0
0 0 1 1 1 0 0 0
0 0 1 1 1 0 0 0
1 1 1 1 1 1 1 1
1 1 0 0 1 1 1 1
1 1 1 0 0 1 1 1
0 0 1 0 0 0 0 0
0 0 1 1 1 0 0 0

write_state_id
0 0 1 1 1 0 0 0
0 0 1 1 1 0 0 0
0 0 1 1 1 0 0 0
1 1 1 1 1 1 1 1
0 0 1 0 1 1 1 1
1 1 1 0 0 1 1 1
0 0 1 0 0 0 0 0
0 0 1 1 1 0 0 0

write_state_id
0 0 1 1 1 0 0 0
0 0 1 1 1 0 0 0
0 0 1 1 1 0 0 0
1 1 1 1 0 1 1 1
0 0 1 0 0 1 1 1
1 1 1 0 1 1 1 1
0 0 1 0 0 0 0 0
0 0 1 1 1 0 0 0

write_state_id
0 0 1 1 1 0 0 0
0 0 1 1 1 0 0 0
0 0 1 1 1 0 0 0
1 1 0 0 1 1 1 1
0 0 1 0 0 1 1 1
1 1 1 0 1 1 1 1
0 0 1 0 0 0 0 0
0 0 1 1 1 0 0 0

write_state_id
0 0 1 1 1 0 0 0
0 0 1 1 1 0 0 0
0 0 1 1 1 0 0 0
1 1 0 1 0 0 1 1
0 0 1 0 0 1 1 1
1 1 1 0 1 1 1 1
0 0 1 0 0 0 0 0
0 0 1 1 1 0 0 0

write_state_id
0 0 1 1 1 0 0 0
0 0 1 1 1 0 0 0
0 0 1 0 1 0 0 0
1 1 0 0 0 0 1 1
0 0 1 1 0 1 1 1
1 1 1 0 1 1 1 1
0 0 1 0 0 0 0 0
0 0 1 1 1 0 0 0

write_state_id
0 0 1 1 1 0 0 0
0 0 1 1 1 0 0 0
0 0 1 0 1 0 0 0
1 1 0 0 0 0 1 1
0 0 1 1 0 1 1 1
1 1 1 1 0 0 1 1
0 0 1 0 0 0 0 0
0 0 1 1 1 0 0 0

write_state_id
0 0 1 0 1 0 0 0
0 0 1 0 1 0 0 0
0 0 1 1 1 0 0 0
1 1 0 0 0 0 1 1
0 0 1 1 0 1 1 1
1 1 1 1 0 0 1 1
0 0 1 0 0 0 0 0
0 0 1 1 1 0 0 0

write_state_id
0 0 1 0 1 0 0 0
0 0 1 0 1 0 0 0
0 0 1 1 1 0 0 0
0 0 1 0 0 0 1 1
0 0 1 1 0 1 1 1
1 1 1 1 0 0 1 1
0 0 1 0 0 0 0 0
0 0 1 1 1 0 0 0

write_state_id
0 0 1 0 1 0 0 0
0 0 1 0 0 0 0 0
0 0 1 1 0 0 0 0
0 0 1 0 1 0 1 1
0 0 1 1 0 1 1 1
1 1 1 1 0 0 1 1
0 0 1 0 0 0 0 0
0 0 1 1 1 0 0 0

write_state_id
0 0 1 0 1 0 0 0
0 0 1 0 0 0 0 0
0 0 1 1 0 0 0 0
0 0 1 0 1 0 1 1
0 0 0 0 1 1 1 1
1 1 1 1 0 0 1 1
0 0 1 0 0 0 0 0
0 0 1 1 1 0 0 0

write_state_id
0 0 1 0 1 0 0 0
0 0 1 0 0 0 0 0
0 0 0 0 1 0 0 0
0 0 1 0 1 0 1 1
0 0 0 0 1 1 1 1
1 1 1 1 0 0 1 1
0 0 1 0 0 0 0 0
0 0 1 1 1 0 0 0

write_state_id
0 0 1 0 1 0 0 0
0 0 1 0 0 0 0 0
0 0 0 0 1 0 0 0
0 0 1 0 1 0 1 1
0 0 0 0 1 1 1 1
1 1 1 1 0 1 0 0
0 0 1 0 0 0 0 0
0 0 1 1 1 0 0 0

write_state_id
0 0 1 0 1 0 0 0
0 0 1 0 0 0 0 0
0 0 0 0 1 0 0 0
0 0 1 0 1 0 1 1
0 0 1 0 1 1 1 1
1 1 0 1 0 1 0 0
0 0 0 0 0 0 0 0
0 0 1 1 1 0 0 0

write_state_id
0 0 1 0 1 0 0 0
0 0 1 0 0 0 0 0
0 0 0 0 1 0 0 0
0 0 1 0 1 0 1 0
0 0 1 0 1 1 1 0
1 1 0 1 0 1 0 1
0 0 0 0 0 0 0 0
0 0 1 1 1 0 0 0

write_state_id
0 0 1 0 1 0 0 0
0 0 1 0 1 0 0 0
0 0 0 0 0 0 0 0
0 0 1 0 0 0 1 0
0 0 1 0 1 1 1 0
1 1 0 1 0 1 0 1
0 0 0 0 0 0 0 0
0 0 1 1 1 0 0 0

write_state_id
0 0 1 0 1 0 0 0
0 0 1 0 1 0 0 0
0 0 0 0 0 0 0 0
0 0 1 0 0 0 1 0
0 0 1 0 1 1 1 0
0 0 1 1 0 1 0 1
0 0 0 0 0 0 0 0
0 0 1 1 1 0 0 0

write_state_id
0 0 0 0 1 0 0 0
0 0 0 0 1 0 0 0
0 0 1 0 0 0 0 0
0 0 1 0 0 0 1 0
0 0 1 0 1 1 1 0
0 0 1 1 0 1 0 1
0 0 0 0 0 0 0 0
0 0 1 1 1 0 0 0

write_state_id
0 0 0 0 1 0 0 0
0 0 0 0 1 0 0 0
0 0 1 0 0 0 0 0
0 0 1 0 0 0 1 0
0 0 0 0 1 1 1 0
0 0 0 1 0 1 0 1
0 0 1 0 0 0 0 0
0 0 1 1 1 0 0 0

write_state_id
0 0 0 0 1 0 0 0
0 0 0 0 1 0 0 0
0 0 1 0 0 0 0 0
0 0 1 0 0 0 1 0
0 0 0 0 1 1 1 0
0 0 1 1 0 1 0 1
0 0 0 0 0 0 0 0
0 0 0 1 1 0 0 0

write_state_id
0 0 0 0 1 0 0 0
0 0 0 0 1 0 0 0
0 0 1 0 0 0 0 0
0 0 1 0 0 0 1 0
0 0 0 0 1 1 1 0
0 0 1 1 0 1 0 1
0 0 0 0 0 0 0 0
0 0 1 0 0 0 0 0

write_state_id
0 0 0 0 1 0 0 0
0 0 0 0 1 0 0 0
0 0 0 0 0 0 0 0
0 0 0 0 0 0 1 0
0 0 1 0 1 1 1 0
0 0 1 1 0 1 0 1
0 0 0 0 0 0 0 0
0 0 1 0 0 0 0 0

write_state_id
0 0 0 0 1 0 0 0
0 0 0 0 1 0 0 0
0 0 0 0 0 0 0 0
0 0 0 0 0 0 1 0
0 0 0 0 1 1 1 0
0 0 0 1 0 1 0 1
0 0 1 0 0 0 0 0
0 0 1 0 0 0 0 0

write_state_id
0 0 0 0 0 0 0 0
0 0 0 0 0 0 0 0
0 0 0 0 1 0 0 0
0 0 0 0 0 0 1 0
0 0 0 0 1 1 1 0
0 0 0 1 0 1 0 1
0 0 1 0 0 0 0 0
0 0 1 0 0 0 0 0

write_state_id
0 0 0 0 0 0 0 0
0 0 0 0 0 0 0 0
0 0 0 0 1 0 0 0
0 0 0 0 0 0 1 0
0 0 0 0 1 1 1 0
0 0 1 1 0 1 0 1
0 0 0 0 0 0 0 0
0 0 0 0 0 0 0 0

write_state_id
0 0 0 0 0 0 0 0
0 0 0 0 0 0 0 0
0 0 0 0 1 0 0 0
0 0 0 0 0 0 1 0
0 0 0 0 1 1 1 0
0 0 0 0 1 1 0 1
0 0 0 0 0 0 0 0
0 0 0 0 0 0 0 0

write_state_id
0 0 0 0 0 0 0 0
0 0 0 0 0 0 0 0
0 0 0 0 1 0 0 0
0 0 0 0 0 0 1 0
0 0 0 0 1 1 1 0
0 0 0 0 0 0 1 1
0 0 0 0 0 0 0 0
0 0 0 0 0 0 0 0

write_state_id
0 0 0 0 0 0 0 0
0 0 0 0 0 0 0 0
0 0 0 0 1 0 0 0
0 0 0 0 0 0 1 0
0 0 0 0 1 1 1 0
0 0 0 0 0 1 0 0
0 0 0 0 0 0 0 0
0 0 0 0 0 0 0 0

write_state_id
0 0 0 0 0 0 0 0
0 0 0 0 0 0 0 0
0 0 0 0 1 0 0 0
0 0 0 0 0 0 0 0
0 0 0 0 1 1 0 0
0 0 0 0 0 1 1 0
0 0 0 0 0 0 0 0
0 0 0 0 0 0 0 0

write_state_id
0 0 0 0 0 0 0 0
0 0 0 0 0 0 0 0
0 0 0 0 1 0 0 0
0 0 0 0 0 0 0 0
0 0 0 0 1 1 0 0
0 0 0 0 1 0 0 0
0 0 0 0 0 0 0 0
0 0 0 0 0 0 0 0

write_state_id
0 0 0 0 0 0 0 0
0 0 0 0 0 0 0 0
0 0 0 0 1 0 0 0
0 0 0 0 1 0 0 0
0 0 0 0 0 1 0 0
0 0 0 0 0 0 0 0
0 0 0 0 0 0 0 0
0 0 0 0 0 0 0 0

write_state_id
0 0 0 0 0 0 0 0
0 0 0 0 0 0 0 0
0 0 0 0 0 0 0 0
0 0 0 0 0 0 0 0
0 0 0 0 1 1 0 0
0 0 0 0 0 0 0 0
0 0 0 0 0 0 0 0
0 0 0 0 0 0 0 0

write_state_id
0 0 0 0 0 0 0 0
0 0 0 0 0 0 0 0
0 0 0 0 0 0 0 0
0 0 0 0 0 0 0 0
0 0 0 1 0 0 0 0
0 0 0 0 0 0 0 0
0 0 0 0 0 0 0 0
0 0 0 0 0 0 0 0

AStar Time: 5

Queue: 449
Visited: 3198628
Sum: 3199077