write_state_id
0 0 0 1 1 1 0
0 0 1 1 1 1 1
1 1 1 1 1 1 0
1 1 1 1 1 1 1
1 1 1 1 1 0 0
1 1 1 0 0 0 0
0 1 1 1 0 0 0

write_state_id
0 0 0 1 0 1 0
0 0 1 1 1 0 1
1 1 1 1 1 1 1
1 1 1 1 1 1 1
1 1 1 1 1 0 0
1 1 1 0 0 0 0
0 1 1 1 0 0 0

write_state_id
0 0 0 1 0 1 0
0 0 1 1 1 1 0
0 1 1 1 1 1 1
1 1 1 1 1 1 1
1 1 1 1 1 0 0
1 1 1 0 0 0 0
0 1 1 1 0 0 0

write_state_id
0 0 0 1 0 1 0
0 0 1 1 1 1 0
1 0 0 1 1 1 1
1 1 1 1 1 1 1
1 1 1 1 1 0 0
1 1 1 0 0 0 0
0 1 1 1 0 0 0

write_state_id
0 0 0 1 0 1 0
0 0 1 1 1 1 0
1 0 1 1 1 1 1
1 1 1 0 1 1 1
1 1 1 1 0 0 0
1 1 1 0 0 0 0
0 1 1 1 0 0 0

write_state_id
0 0 0 1 0 1 0
0 0 1 1 1 1 0
1 0 1 1 1 1 1
1 1 1 0 1 1 1
1 1 0 0 1 0 0
1 1 1 0 0 0 0
0 1 1 1 0 0 0

write_state_id
0 0 0 1 0 1 0
0 0 1 1 1 1 0
0 0 1 1 1 1 1
1 0 1 0 1 1 1
1 1 1 0 1 0 0
1 1 1 0 0 0 0
0 1 1 1 0 0 0

write_state_id
0 0 0 1 0 1 0
0 0 1 1 1 1 0
0 0 1 1 1 1 1
1 0 1 0 1 1 1
1 0 0 1 1 0 0
1 1 1 0 0 0 0
0 1 1 1 0 0 0

write_state_id
0 0 0 1 0 1 0
0 0 1 1 1 1 0
0 0 1 1 1 1 1
1 0 1 0 1 1 1
1 0 1 0 0 0 0
1 1 1 0 0 0 0
0 1 1 1 0 0 0

write_state_id
0 0 0 1 0 1 0
0 0 1 1 1 1 0
0 0 1 1 1 1 1
1 0 1 0 1 1 1
1 1 1 0 0 0 0
1 1 0 0 0 0 0
0 1 1 0 0 0 0

write_state_id
0 0 0 1 0 1 0
0 0 1 1 1 1 0
0 0 1 1 1 1 1
1 0 1 0 1 1 1
1 1 1 0 0 0 0
1 1 0 0 0 0 0
0 0 0 1 0 0 0

write_state_id
0 0 0 1 0 1 0
0 0 1 1 1 1 0
0 0 1 1 1 1 1
1 0 1 0 1 1 1
0 1 1 0 0 0 0
1 0 0 0 0 0 0
0 0 1 1 0 0 0

write_state_id
0 0 0 1 0 1 0
0 0 1 1 1 1 0
0 0 1 1 1 1 1
1 0 1 0 1 1 0
0 1 1 0 0 0 0
0 0 0 0 0 0 0
0 1 1 1 0 0 0

write_state_id
0 0 0 1 0 1 0
0 0 1 1 1 1 0
0 0 1 1 1 1 1
1 0 1 0 1 1 0
0 0 0 1 0 0 0
0 0 0 0 0 0 0
0 1 1 1 0 0 0

write_state_id
0 0 0 1 0 1 0
0 0 1 1 1 1 0
0 0 1 1 1 1 1
1 0 1 0 0 0 1
0 0 0 1 0 0 0
0 0 0 0 0 0 0
0 1 1 1 0 0 0

write_state_id
0 0 0 1 0 1 0
0 0 1 1 1 1 0
0 0 1 1 1 0 1
1 0 1 0 0 0 0
0 0 0 1 0 0 0
1 0 0 0 0 0 0
0 1 1 1 0 0 0

write_state_id
0 0 0 1 0 1 0
0 0 1 1 1 1 0
0 0 1 1 1 0 1
1 0 1 0 0 0 1
0 0 0 1 0 0 0
0 0 0 0 0 0 0
0 0 1 1 0 0 0

write_state_id
0 0 0 1 0 1 0
0 0 1 1 1 1 0
0 0 1 1 1 0 1
1 0 1 0 0 0 1
0 0 0 1 0 0 0
0 0 0 0 0 0 0
0 1 0 0 0 0 0

write_state_id
0 0 0 1 0 1 0
0 0 1 1 1 1 0
0 0 1 1 1 0 0
0 1 1 0 0 0 1
0 0 0 1 0 0 0
0 0 0 0 0 0 0
0 1 0 0 0 0 0

write_state_id
0 0 0 0 0 1 0
0 0 1 1 0 1 0
0 0 1 1 1 1 0
0 1 1 0 0 0 1
0 0 0 1 0 0 0
0 0 0 0 0 0 0
0 1 0 0 0 0 0

write_state_id
0 0 0 0 0 1 0
0 0 1 1 0 1 0
0 0 1 1 1 0 0
0 1 1 0 0 0 0
0 0 0 1 0 0 0
1 0 0 0 0 0 0
0 1 0 0 0 0 0

write_state_id
0 0 0 0 0 1 0
0 0 1 1 0 1 0
0 0 1 1 1 0 0
0 1 1 0 0 0 1
0 0 0 1 0 0 0
0 0 0 0 0 0 0
0 0 0 0 0 0 0

write_state_id
0 0 0 0 0 1 0
0 0 1 1 0 1 0
0 0 1 0 0 1 0
0 1 1 0 0 0 1
0 0 0 1 0 0 0
0 0 0 0 0 0 0
0 0 0 0 0 0 0

write_state_id
0 0 0 0 0 1 0
0 0 1 1 0 1 0
0 1 1 0 0 1 0
0 1 0 0 0 0 1
0 0 0 0 0 0 0
0 0 0 0 0 0 0
0 0 0 0 0 0 0

write_state_id
0 0 0 0 0 1 0
0 0 1 1 0 1 0
1 0 0 0 0 1 0
0 1 0 0 0 0 1
0 0 0 0 0 0 0
0 0 0 0 0 0 0
0 0 0 0 0 0 0

write_state_id
0 0 0 0 0 0 0
0 0 1 1 0 1 1
1 0 0 0 0 1 0
0 1 0 0 0 0 1
0 0 0 0 0 0 0
0 0 0 0 0 0 0
0 0 0 0 0 0 0

write_state_id
0 0 0 0 0 0 0
0 0 1 1 1 1 1
1 0 0 0 0 0 0
0 1 0 0 0 0 0
0 0 0 0 0 0 0
0 0 0 0 0 0 0
0 0 0 0 0 0 0

write_state_id
0 0 0 0 1 0 0
0 0 1 1 1 1 1
1 0 0 0 0 0 0
0 1 0 0 0 0 0
0 0 0 0 0 0 0
0 0 0 0 0 0 0
0 0 0 0 0 0 0

write_state_id
0 0 0 1 1 0 0
0 0 1 1 1 1 1
1 0 0 0 0 0 0
0 1 0 0 0 0 0
0 0 0 0 0 0 0
0 0 0 0 0 0 0
0 0 0 0 0 0 0

write_state_id
0 0 0 0 0 1 0
0 0 1 1 1 1 1
1 0 0 0 0 0 0
0 1 0 0 0 0 0
0 0 0 0 0 0 0
0 0 0 0 0 0 0
0 0 0 0 0 0 0

write_state_id
0 0 0 0 0 0 0
0 0 1 1 1 1 0
1 0 0 0 0 0 0
0 1 0 0 0 0 0
0 0 0 0 0 0 0
0 0 0 0 0 0 0
0 0 0 0 0 0 0

write_state_id
0 0 0 0 0 0 0
0 0 1 1 0 0 1
1 0 0 0 0 0 0
0 1 0 0 0 0 0
0 0 0 0 0 0 0
0 0 0 0 0 0 0
0 0 0 0 0 0 0

write_state_id
0 0 0 0 0 0 0
0 0 1 1 0 1 0
0 0 0 0 0 0 0
0 1 0 0 0 0 0
0 0 0 0 0 0 0
0 0 0 0 0 0 0
0 0 0 0 0 0 0

write_state_id
0 0 0 0 0 0 0
0 0 0 0 1 1 0
0 0 0 0 0 0 0
0 1 0 0 0 0 0
0 0 0 0 0 0 0
0 0 0 0 0 0 0
0 0 0 0 0 0 0

write_state_id
0 0 0 0 0 0 0
0 0 0 0 0 0 1
0 0 0 0 0 0 0
0 1 0 0 0 0 0
0 0 0 0 0 0 0
0 0 0 0 0 0 0
0 0 0 0 0 0 0

write_state_id
0 0 0 0 0 1 0
0 0 0 0 0 0 1
0 0 0 0 0 0 0
0 1 0 0 0 0 0
0 0 0 0 0 0 0
0 0 0 0 0 0 0
0 0 0 0 0 0 0

write_state_id
0 0 0 0 0 0 0
0 0 0 0 0 0 0
0 0 0 0 0 0 0
1 1 0 0 0 0 0
0 0 0 0 0 0 0
0 0 0 0 0 0 0
0 0 0 0 0 0 0

write_state_id
0 0 0 0 0 0 0
0 0 0 0 0 0 0
0 0 0 0 0 0 0
0 0 1 0 0 0 0
0 0 0 0 0 0 0
0 0 0 0 0 0 0
0 0 0 0 0 0 0

DFS Time: 2

Stack: 191
Visited: 2939736
Sum: 2939927