write_state_id
0 0 1 1 1 0 0
0 1 1 1 1 1 0
1 1 1 0 1 1 1
1 1 1 1 1 1 1
1 1 1 1 1 1 1
0 1 1 1 1 1 0
0 0 1 1 1 0 0

write_state_id
0 0 1 0 1 0 0
0 1 1 0 1 1 0
1 1 1 1 1 1 1
1 1 1 1 1 1 1
1 1 1 1 1 1 1
0 1 1 1 1 1 0
0 0 1 1 1 0 0

write_state_id
0 0 1 0 1 0 0
0 1 1 1 0 0 0
1 1 1 1 1 1 1
1 1 1 1 1 1 1
1 1 1 1 1 1 1
0 1 1 1 1 1 0
0 0 1 1 1 0 0

write_state_id
0 0 1 0 1 0 0
0 1 1 1 1 0 0
1 1 1 1 0 1 1
1 1 1 1 0 1 1
1 1 1 1 1 1 1
0 1 1 1 1 1 0
0 0 1 1 1 0 0

write_state_id
0 0 1 0 0 0 0
0 1 1 1 0 0 0
1 1 1 1 1 1 1
1 1 1 1 0 1 1
1 1 1 1 1 1 1
0 1 1 1 1 1 0
0 0 1 1 1 0 0

write_state_id
0 0 1 0 0 0 0
0 1 1 1 0 0 0
1 1 1 1 1 1 1
1 1 1 1 1 0 0
1 1 1 1 1 1 1
0 1 1 1 1 1 0
0 0 1 1 1 0 0

write_state_id
0 0 1 0 0 0 0
0 1 1 1 1 0 0
1 1 1 1 0 1 1
1 1 1 1 0 0 0
1 1 1 1 1 1 1
0 1 1 1 1 1 0
0 0 1 1 1 0 0

write_state_id
0 0 1 0 0 0 0
0 1 1 1 1 0 0
1 1 1 1 0 1 1
1 1 1 1 0 1 0
1 1 1 1 1 0 1
0 1 1 1 1 0 0
0 0 1 1 1 0 0

write_state_id
0 0 1 0 0 0 0
0 1 1 1 1 0 0
1 1 1 1 1 0 0
1 1 1 1 0 1 0
1 1 1 1 1 0 1
0 1 1 1 1 0 0
0 0 1 1 1 0 0

write_state_id
0 0 1 0 0 0 0
0 1 1 1 1 0 0
1 1 1 0 0 1 0
1 1 1 1 0 1 0
1 1 1 1 1 0 1
0 1 1 1 1 0 0
0 0 1 1 1 0 0

write_state_id
0 0 1 0 0 0 0
0 1 1 1 1 0 0
1 1 1 0 0 1 0
1 1 0 0 1 1 0
1 1 1 1 1 0 1
0 1 1 1 1 0 0
0 0 1 1 1 0 0

write_state_id
0 0 1 0 0 0 0
0 1 1 1 1 0 0
1 1 1 0 0 1 0
0 0 1 0 1 1 0
1 1 1 1 1 0 1
0 1 1 1 1 0 0
0 0 1 1 1 0 0

write_state_id
0 0 1 0 0 0 0
0 0 1 1 1 0 0
1 0 1 0 0 1 0
0 1 1 0 1 1 0
1 1 1 1 1 0 1
0 1 1 1 1 0 0
0 0 1 1 1 0 0

write_state_id
0 0 1 0 0 0 0
0 0 1 1 1 0 0
1 0 1 0 0 1 0
0 1 1 0 1 1 0
1 1 1 0 0 1 1
0 1 1 1 1 0 0
0 0 1 1 1 0 0

write_state_id
0 0 1 0 0 0 0
0 0 1 1 1 0 0
1 0 1 0 0 1 0
0 1 1 0 1 1 0
1 1 1 1 0 1 1
0 1 1 0 1 0 0
0 0 1 0 1 0 0

write_state_id
0 0 1 0 0 0 0
0 0 1 1 1 0 0
1 0 1 0 0 1 0
0 1 1 0 1 1 0
1 1 1 1 1 1 1
0 1 1 0 0 0 0
0 0 1 0 0 0 0

write_state_id
0 0 1 0 0 0 0
0 0 1 1 1 0 0
1 1 1 0 0 1 0
0 0 1 0 1 1 0
1 0 1 1 1 1 1
0 1 1 0 0 0 0
0 0 1 0 0 0 0

write_state_id
0 0 1 0 0 0 0
0 0 1 1 1 0 0
1 0 0 1 0 1 0
0 0 1 0 1 1 0
1 0 1 1 1 1 1
0 1 1 0 0 0 0
0 0 1 0 0 0 0

write_state_id
0 0 0 0 0 0 0
0 0 0 1 1 0 0
1 0 1 1 0 1 0
0 0 1 0 1 1 0
1 0 1 1 1 1 1
0 1 1 0 0 0 0
0 0 1 0 0 0 0

write_state_id
0 0 0 0 0 0 0
0 0 0 1 1 0 0
1 0 1 1 0 1 0
0 0 1 0 1 1 0
1 0 1 1 1 1 1
0 0 0 1 0 0 0
0 0 1 0 0 0 0

write_state_id
0 0 0 0 0 0 0
0 0 0 1 1 0 0
1 0 1 1 1 1 0
0 0 1 0 0 1 0
1 0 1 1 0 1 1
0 0 0 1 0 0 0
0 0 1 0 0 0 0

write_state_id
0 0 0 0 0 0 0
0 0 0 1 1 0 0
1 0 1 1 1 1 0
0 0 1 0 0 1 0
1 1 0 0 0 1 1
0 0 0 1 0 0 0
0 0 1 0 0 0 0

write_state_id
0 0 0 0 0 0 0
0 0 0 1 1 0 0
1 0 1 1 1 1 0
0 0 1 0 0 1 0
0 0 1 0 0 1 1
0 0 0 1 0 0 0
0 0 1 0 0 0 0

write_state_id
0 0 0 0 0 0 0
0 0 0 1 1 0 0
1 0 1 1 1 1 0
0 0 1 0 0 1 0
0 0 1 0 1 0 0
0 0 0 1 0 0 0
0 0 1 0 0 0 0

write_state_id
0 0 0 0 0 0 0
0 0 0 1 1 0 0
1 1 0 0 1 1 0
0 0 1 0 0 1 0
0 0 1 0 1 0 0
0 0 0 1 0 0 0
0 0 1 0 0 0 0

write_state_id
0 0 0 0 0 0 0
0 0 0 1 1 0 0
0 0 1 0 1 1 0
0 0 1 0 0 1 0
0 0 1 0 1 0 0
0 0 0 1 0 0 0
0 0 1 0 0 0 0

write_state_id
0 0 0 0 0 0 0
0 0 0 1 1 0 0
0 0 1 0 1 1 0
0 0 0 0 0 1 0
0 0 0 0 1 0 0
0 0 1 1 0 0 0
0 0 1 0 0 0 0

write_state_id
0 0 0 0 0 0 0
0 0 0 1 1 0 0
0 0 1 0 1 1 0
0 0 0 0 0 1 0
0 0 1 0 1 0 0
0 0 0 1 0 0 0
0 0 0 0 0 0 0

write_state_id
0 0 0 0 0 0 0
0 0 1 0 0 0 0
0 0 1 0 1 1 0
0 0 0 0 0 1 0
0 0 1 0 1 0 0
0 0 0 1 0 0 0
0 0 0 0 0 0 0

write_state_id
0 0 0 0 0 0 0
0 0 1 0 0 0 0
0 0 1 1 0 0 0
0 0 0 0 0 1 0
0 0 1 0 1 0 0
0 0 0 1 0 0 0
0 0 0 0 0 0 0

write_state_id
0 0 0 0 0 0 0
0 0 0 0 0 0 0
0 0 0 1 0 0 0
0 0 1 0 0 1 0
0 0 1 0 1 0 0
0 0 0 1 0 0 0
0 0 0 0 0 0 0

write_state_id
0 0 0 0 0 0 0
0 0 0 0 0 0 0
0 0 0 1 0 0 0
0 0 0 0 0 1 0
0 0 0 0 1 0 0
0 0 1 1 0 0 0
0 0 0 0 0 0 0

write_state_id
0 0 0 0 0 0 0
0 0 0 0 0 0 0
0 0 0 1 0 0 0
0 0 0 0 0 1 0
0 0 0 0 1 0 0
0 0 0 0 1 0 0
0 0 0 0 0 0 0

write_state_id
0 0 0 0 0 0 0
0 0 0 0 0 0 0
0 0 0 1 0 0 0
0 0 0 0 1 1 0
0 0 0 0 0 0 0
0 0 0 0 0 0 0
0 0 0 0 0 0 0

write_state_id
0 0 0 0 0 0 0
0 0 0 0 0 0 0
0 0 0 1 0 0 0
0 0 0 1 0 0 0
0 0 0 0 0 0 0
0 0 0 0 0 0 0
0 0 0 0 0 0 0

write_state_id
0 0 0 0 0 0 0
0 0 0 0 0 0 0
0 0 0 0 0 0 0
0 0 0 0 0 0 0
0 0 0 1 0 0 0
0 0 0 0 0 0 0
0 0 0 0 0 0 0

0

Queue: 1333
Visited: 1555
Sum: 2888