write_state_id
0 0 1 1 1 0 0
0 1 1 1 1 1 0
1 1 1 0 1 1 1
1 1 1 1 1 1 1
1 1 1 1 1 1 1
0 1 1 1 1 1 0
0 0 1 1 1 0 0

write_state_id
0 0 1 0 1 0 0
0 1 1 0 1 1 0
1 1 1 1 1 1 1
1 1 1 1 1 1 1
1 1 1 1 1 1 1
0 1 1 1 1 1 0
0 0 1 1 1 0 0

write_state_id
0 0 1 0 1 0 0
0 1 1 1 0 0 0
1 1 1 1 1 1 1
1 1 1 1 1 1 1
1 1 1 1 1 1 1
0 1 1 1 1 1 0
0 0 1 1 1 0 0

write_state_id
0 0 1 0 1 0 0
0 1 0 0 1 0 0
1 1 1 1 1 1 1
1 1 1 1 1 1 1
1 1 1 1 1 1 1
0 1 1 1 1 1 0
0 0 1 1 1 0 0

write_state_id
0 0 1 0 1 0 0
0 1 1 0 1 0 0
1 1 0 1 1 1 1
1 1 0 1 1 1 1
1 1 1 1 1 1 1
0 1 1 1 1 1 0
0 0 1 1 1 0 0

write_state_id
0 0 1 0 1 0 0
0 1 1 0 1 0 0
1 1 0 1 1 1 1
0 0 1 1 1 1 1
1 1 1 1 1 1 1
0 1 1 1 1 1 0
0 0 1 1 1 0 0

write_state_id
0 0 1 0 1 0 0
0 1 1 0 1 1 0
1 1 0 1 1 0 1
0 0 1 1 1 0 1
1 1 1 1 1 1 1
0 1 1 1 1 1 0
0 0 1 1 1 0 0

write_state_id
0 0 1 0 1 0 0
0 1 1 0 1 1 0
1 1 0 1 1 0 1
0 0 1 0 0 1 1
1 1 1 1 1 1 1
0 1 1 1 1 1 0
0 0 1 1 1 0 0

write_state_id
0 0 1 0 1 0 0
0 1 1 1 0 0 0
1 1 0 1 1 0 1
0 0 1 0 0 1 1
1 1 1 1 1 1 1
0 1 1 1 1 1 0
0 0 1 1 1 0 0

write_state_id
0 0 1 0 1 0 0
0 1 1 1 0 0 0
1 1 0 1 1 0 1
0 0 1 0 1 1 1
1 1 1 1 0 1 1
0 1 1 1 0 1 0
0 0 1 1 1 0 0

write_state_id
0 0 1 0 1 0 0
0 1 1 1 1 0 0
1 1 0 1 0 0 1
0 0 1 0 0 1 1
1 1 1 1 0 1 1
0 1 1 1 0 1 0
0 0 1 1 1 0 0

write_state_id
0 0 1 0 1 0 0
0 1 1 1 1 0 0
1 1 0 1 0 0 1
0 1 1 0 0 1 1
1 0 1 1 0 1 1
0 0 1 1 0 1 0
0 0 1 1 1 0 0

write_state_id
0 0 0 0 1 0 0
0 1 0 1 1 0 0
1 1 1 1 0 0 1
0 1 1 0 0 1 1
1 0 1 1 0 1 1
0 0 1 1 0 1 0
0 0 1 1 1 0 0

write_state_id
0 0 0 0 1 0 0
0 1 1 1 1 0 0
1 1 0 1 0 0 1
0 1 0 0 0 1 1
1 0 1 1 0 1 1
0 0 1 1 0 1 0
0 0 1 1 1 0 0

write_state_id
0 0 0 0 1 0 0
0 1 1 1 1 0 0
0 0 1 1 0 0 1
0 1 0 0 0 1 1
1 0 1 1 0 1 1
0 0 1 1 0 1 0
0 0 1 1 1 0 0

write_state_id
0 0 0 0 0 0 0
0 1 1 1 0 0 0
0 0 1 1 1 0 1
0 1 0 0 0 1 1
1 0 1 1 0 1 1
0 0 1 1 0 1 0
0 0 1 1 1 0 0

write_state_id
0 0 0 0 0 0 0
0 1 0 0 1 0 0
0 0 1 1 1 0 1
0 1 0 0 0 1 1
1 0 1 1 0 1 1
0 0 1 1 0 1 0
0 0 1 1 1 0 0

write_state_id
0 0 0 0 0 0 0
0 1 0 0 1 0 0
0 0 1 1 1 0 1
0 1 0 0 1 0 0
1 0 1 1 0 1 1
0 0 1 1 0 1 0
0 0 1 1 1 0 0

write_state_id
0 0 0 0 0 0 0
0 1 0 0 1 0 0
0 0 1 1 1 0 1
0 1 0 0 1 0 0
1 1 0 0 0 1 1
0 0 1 1 0 1 0
0 0 1 1 1 0 0

write_state_id
0 0 0 0 0 0 0
0 1 0 0 1 0 0
0 1 1 1 1 0 1
0 0 0 0 1 0 0
1 0 0 0 0 1 1
0 0 1 1 0 1 0
0 0 1 1 1 0 0

write_state_id
0 0 0 0 0 0 0
0 1 0 0 1 0 0
0 1 1 1 1 0 1
0 0 0 0 1 0 0
1 0 0 1 0 1 1
0 0 1 0 0 1 0
0 0 1 0 1 0 0

write_state_id
0 0 0 0 0 0 0
0 1 0 0 1 0 0
0 1 1 1 1 0 1
0 0 0 0 1 0 0
1 0 0 1 1 0 0
0 0 1 0 0 1 0
0 0 1 0 1 0 0

write_state_id
0 0 0 0 0 0 0
0 1 0 0 1 0 0
0 1 1 1 1 0 1
0 0 0 0 1 0 0
1 0 1 1 1 0 0
0 0 0 0 0 1 0
0 0 0 0 1 0 0

write_state_id
0 0 0 0 0 0 0
0 1 0 0 1 0 0
0 1 1 1 1 0 1
0 0 0 0 0 0 0
1 0 1 1 0 0 0
0 0 0 0 1 1 0
0 0 0 0 1 0 0

write_state_id
0 0 0 0 0 0 0
0 1 0 0 1 0 0
0 1 1 1 1 0 1
0 0 0 0 0 0 0
1 1 0 0 0 0 0
0 0 0 0 1 1 0
0 0 0 0 1 0 0

write_state_id
0 0 0 0 0 0 0
0 1 0 0 1 0 0
0 1 1 1 1 0 1
0 0 0 0 0 0 0
1 1 0 0 1 0 0
0 0 0 0 0 1 0
0 0 0 0 0 0 0

write_state_id
0 0 0 0 0 0 0
0 0 0 0 1 0 0
0 0 1 1 1 0 1
0 1 0 0 0 0 0
1 1 0 0 1 0 0
0 0 0 0 0 1 0
0 0 0 0 0 0 0

write_state_id
0 0 0 0 0 0 0
0 0 0 0 1 0 0
0 1 0 0 1 0 1
0 1 0 0 0 0 0
1 1 0 0 1 0 0
0 0 0 0 0 1 0
0 0 0 0 0 0 0

write_state_id
0 0 0 0 0 0 0
0 0 0 0 0 0 0
0 1 0 0 0 0 1
0 1 0 0 1 0 0
1 1 0 0 1 0 0
0 0 0 0 0 1 0
0 0 0 0 0 0 0

write_state_id
0 0 0 0 0 0 0
0 0 0 0 0 0 0
0 1 0 0 0 0 1
0 1 0 0 1 0 0
0 0 1 0 1 0 0
0 0 0 0 0 1 0
0 0 0 0 0 0 0

write_state_id
0 0 0 0 0 0 0
0 0 0 0 0 0 0
0 0 0 0 0 0 1
0 0 0 0 1 0 0
0 1 1 0 1 0 0
0 0 0 0 0 1 0
0 0 0 0 0 0 0

write_state_id
0 0 0 0 0 0 0
0 0 0 0 0 0 0
0 0 0 0 0 0 1
0 0 0 0 1 0 0
0 0 0 1 1 0 0
0 0 0 0 0 1 0
0 0 0 0 0 0 0

write_state_id
0 0 0 0 0 0 0
0 0 0 0 0 0 0
0 0 0 0 0 0 1
0 0 0 0 1 0 0
0 0 0 0 0 1 0
0 0 0 0 0 1 0
0 0 0 0 0 0 0

write_state_id
0 0 0 0 0 0 0
0 0 0 0 0 0 0
0 0 0 0 0 0 1
0 0 0 0 1 1 0
0 0 0 0 0 0 0
0 0 0 0 0 0 0
0 0 0 0 0 0 0

write_state_id
0 0 0 0 0 0 0
0 0 0 0 0 0 0
0 0 0 0 0 0 1
0 0 0 0 0 0 1
0 0 0 0 0 0 0
0 0 0 0 0 0 0
0 0 0 0 0 0 0

write_state_id
0 0 0 0 0 0 0
0 0 0 0 0 0 0
0 0 0 0 0 0 0
0 0 0 0 0 0 0
0 0 0 0 0 0 1
0 0 0 0 0 0 0
0 0 0 0 0 0 0

30

Queue: 419
Visited: 15 483 359
Sum: 15 483 778