write_state_id
0 0 1 1 1 0 0
0 1 1 1 1 1 0
1 1 1 0 1 1 1
1 1 1 1 1 1 1
1 1 1 1 1 1 1
0 1 1 1 1 1 0
0 0 1 1 1 0 0

write_state_id
0 0 1 1 1 0 0
0 1 1 1 1 1 0
1 0 0 1 1 1 1
1 1 1 1 1 1 1
1 1 1 1 1 1 1
0 1 1 1 1 1 0
0 0 1 1 1 0 0

write_state_id
0 0 1 1 1 0 0
0 1 1 1 1 1 0
1 0 1 1 1 1 1
1 1 0 1 1 1 1
1 1 0 1 1 1 1
0 1 1 1 1 1 0
0 0 1 1 1 0 0

write_state_id
0 0 1 1 1 0 0
0 1 1 1 1 1 0
1 0 1 1 1 1 1
1 1 0 1 1 1 1
0 0 1 1 1 1 1
0 1 1 1 1 1 0
0 0 1 1 1 0 0

write_state_id
0 0 1 1 1 0 0
0 1 1 1 1 1 0
1 0 1 1 1 1 1
1 1 0 1 1 1 1
0 1 0 0 1 1 1
0 1 1 1 1 1 0
0 0 1 1 1 0 0

write_state_id
0 0 1 1 1 0 0
0 1 1 1 1 1 0
1 0 1 1 1 1 1
1 1 0 1 1 1 1
0 1 0 1 1 1 1
0 1 1 0 1 1 0
0 0 1 0 1 0 0

write_state_id
0 0 1 1 1 0 0
0 1 1 1 1 1 0
1 0 1 1 1 1 1
1 1 0 1 1 1 1
0 1 0 1 1 1 1
0 0 0 1 1 1 0
0 0 1 0 1 0 0

write_state_id
0 0 1 1 1 0 0
0 1 1 1 1 1 0
1 0 1 1 1 1 1
1 1 0 1 1 1 1
0 1 0 0 1 1 1
0 0 0 0 1 1 0
0 0 1 1 1 0 0

write_state_id
0 0 1 1 1 0 0
0 1 1 1 1 1 0
1 0 1 1 1 1 1
1 1 0 1 1 1 1
0 1 0 0 1 1 1
0 0 0 1 0 0 0
0 0 1 1 1 0 0

write_state_id
0 0 1 1 1 0 0
0 1 1 1 1 1 0
1 0 1 1 1 1 1
1 1 0 1 0 1 1
0 1 0 0 0 1 1
0 0 0 1 1 0 0
0 0 1 1 1 0 0

write_state_id
0 0 1 1 1 0 0
0 1 1 1 1 1 0
1 0 1 1 1 1 1
1 1 0 1 0 1 1
0 1 0 0 0 1 1
0 0 1 0 0 0 0
0 0 1 1 1 0 0

write_state_id
0 0 1 1 1 0 0
0 1 1 1 1 1 0
1 0 1 1 1 1 1
1 1 0 1 0 1 1
0 1 0 0 1 0 0
0 0 1 0 0 0 0
0 0 1 1 1 0 0

write_state_id
0 0 1 1 1 0 0
0 1 1 1 1 1 0
1 0 1 1 1 0 1
1 1 0 1 0 0 1
0 1 0 0 1 1 0
0 0 1 0 0 0 0
0 0 1 1 1 0 0

write_state_id
0 0 1 1 1 0 0
0 1 1 1 1 1 0
1 0 1 1 1 0 1
1 1 0 1 0 0 1
0 1 0 1 0 0 0
0 0 1 0 0 0 0
0 0 1 1 1 0 0

write_state_id
0 0 1 1 1 0 0
0 1 1 1 1 1 0
1 0 1 1 1 0 1
1 1 0 1 0 0 1
0 1 1 1 0 0 0
0 0 0 0 0 0 0
0 0 0 1 1 0 0

write_state_id
0 0 1 1 1 0 0
0 1 1 1 1 1 0
1 0 1 1 1 0 1
1 1 0 1 0 0 1
0 1 1 1 0 0 0
0 0 0 0 0 0 0
0 0 1 0 0 0 0

write_state_id
0 0 1 1 1 0 0
0 1 1 1 1 1 0
1 0 1 1 1 0 1
0 0 1 1 0 0 1
0 1 1 1 0 0 0
0 0 0 0 0 0 0
0 0 1 0 0 0 0

write_state_id
0 0 1 1 1 0 0
0 1 1 1 1 1 0
1 0 1 0 0 1 1
0 0 1 1 0 0 1
0 1 1 1 0 0 0
0 0 0 0 0 0 0
0 0 1 0 0 0 0

write_state_id
0 0 1 1 1 0 0
0 1 1 1 1 0 0
1 0 1 0 0 0 1
0 0 1 1 0 1 1
0 1 1 1 0 0 0
0 0 0 0 0 0 0
0 0 1 0 0 0 0

write_state_id
0 0 1 1 1 0 0
0 1 1 1 1 0 0
1 0 1 0 0 0 1
0 0 1 1 1 0 0
0 1 1 1 0 0 0
0 0 0 0 0 0 0
0 0 1 0 0 0 0

write_state_id
0 0 1 1 0 0 0
0 1 1 1 0 0 0
1 0 1 0 1 0 1
0 0 1 1 1 0 0
0 1 1 1 0 0 0
0 0 0 0 0 0 0
0 0 1 0 0 0 0

write_state_id
0 0 1 0 0 0 0
0 1 1 0 0 0 0
1 0 1 1 1 0 1
0 0 1 1 1 0 0
0 1 1 1 0 0 0
0 0 0 0 0 0 0
0 0 1 0 0 0 0

write_state_id
0 0 1 0 0 0 0
0 1 1 0 0 0 0
1 0 1 0 0 1 1
0 0 1 1 1 0 0
0 1 1 1 0 0 0
0 0 0 0 0 0 0
0 0 1 0 0 0 0

write_state_id
0 0 1 0 0 0 0
0 1 1 0 0 0 0
1 0 1 0 1 0 0
0 0 1 1 1 0 0
0 1 1 1 0 0 0
0 0 0 0 0 0 0
0 0 1 0 0 0 0

write_state_id
0 0 1 0 0 0 0
0 1 1 0 0 0 0
1 0 1 1 1 0 0
0 0 1 0 1 0 0
0 1 1 0 0 0 0
0 0 0 0 0 0 0
0 0 1 0 0 0 0

write_state_id
0 0 1 0 0 0 0
0 1 1 0 0 0 0
1 1 0 0 1 0 0
0 0 1 0 1 0 0
0 1 1 0 0 0 0
0 0 0 0 0 0 0
0 0 1 0 0 0 0

write_state_id
0 0 1 0 0 0 0
0 1 1 0 0 0 0
0 0 1 0 1 0 0
0 0 1 0 1 0 0
0 1 1 0 0 0 0
0 0 0 0 0 0 0
0 0 1 0 0 0 0

write_state_id
0 0 1 0 0 0 0
0 1 1 0 1 0 0
0 0 1 0 0 0 0
0 0 1 0 0 0 0
0 1 1 0 0 0 0
0 0 0 0 0 0 0
0 0 1 0 0 0 0

write_state_id
0 0 1 0 0 0 0
0 0 0 1 1 0 0
0 0 1 0 0 0 0
0 0 1 0 0 0 0
0 1 1 0 0 0 0
0 0 0 0 0 0 0
0 0 1 0 0 0 0

write_state_id
0 0 1 0 0 0 0
0 0 1 1 1 0 0
0 0 0 0 0 0 0
0 0 0 0 0 0 0
0 1 1 0 0 0 0
0 0 0 0 0 0 0
0 0 1 0 0 0 0

write_state_id
0 0 0 0 0 0 0
0 0 0 1 1 0 0
0 0 1 0 0 0 0
0 0 0 0 0 0 0
0 1 1 0 0 0 0
0 0 0 0 0 0 0
0 0 1 0 0 0 0

write_state_id
0 0 0 0 0 0 0
0 0 1 0 0 0 0
0 0 1 0 0 0 0
0 0 0 0 0 0 0
0 1 1 0 0 0 0
0 0 0 0 0 0 0
0 0 1 0 0 0 0

write_state_id
0 0 0 0 0 0 0
0 0 0 0 0 0 0
0 0 0 0 0 0 0
0 0 1 0 0 0 0
0 1 1 0 0 0 0
0 0 0 0 0 0 0
0 0 1 0 0 0 0

write_state_id
0 0 0 0 0 0 0
0 0 0 0 0 0 0
0 0 0 0 0 0 0
0 0 0 0 0 0 0
0 1 0 0 0 0 0
0 0 1 0 0 0 0
0 0 1 0 0 0 0

write_state_id
0 0 0 0 0 0 0
0 0 0 0 0 0 0
0 0 0 0 0 0 0
0 0 0 0 0 0 0
0 1 1 0 0 0 0
0 0 0 0 0 0 0
0 0 0 0 0 0 0

write_state_id
0 0 0 0 0 0 0
0 0 0 0 0 0 0
0 0 0 0 0 0 0
0 0 0 0 0 0 0
0 0 0 1 0 0 0
0 0 0 0 0 0 0
0 0 0 0 0 0 0

82

Queue: 266
Visited: 41 201 901
Sum: 41 202 167