write_state_id
0 0 0 0 0 0 0
0 0 0 0 0 1 0
1 1 0 0 1 0 0
1 1 1 0 1 0 0
1 0 0 1 1 0 0
0 0 0 0 1 1 0
0 0 0 0 1 0 0

write_state_id
0 0 0 0 0 0 0
0 0 0 0 0 1 0
0 0 1 0 1 0 0
1 1 1 0 1 0 0
1 0 0 1 1 0 0
0 0 0 0 1 1 0
0 0 0 0 1 0 0

write_state_id
0 0 0 0 0 0 0
0 0 0 0 0 1 0
0 0 0 0 1 0 0
1 1 0 0 1 0 0
1 0 1 1 1 0 0
0 0 0 0 1 1 0
0 0 0 0 1 0 0

write_state_id
0 0 0 0 0 0 0
0 0 0 0 0 1 0
0 0 0 0 1 0 0
0 0 1 0 1 0 0
1 0 1 1 1 0 0
0 0 0 0 1 1 0
0 0 0 0 1 0 0

write_state_id
0 0 0 0 0 0 0
0 0 0 0 0 1 0
0 0 0 0 1 0 0
0 0 1 0 1 0 0
1 1 0 0 1 0 0
0 0 0 0 1 1 0
0 0 0 0 1 0 0

write_state_id
0 0 0 0 0 0 0
0 0 0 0 0 1 0
0 0 0 0 1 0 0
0 0 1 0 1 0 0
0 0 1 0 1 0 0
0 0 0 0 1 1 0
0 0 0 0 1 0 0

write_state_id
0 0 0 0 0 0 0
0 0 0 0 0 1 0
0 0 0 0 1 0 0
0 0 0 0 1 0 0
0 0 0 0 1 0 0
0 0 1 0 1 1 0
0 0 0 0 1 0 0

write_state_id
0 0 0 0 0 0 0
0 0 0 0 0 1 0
0 0 0 0 1 0 0
0 0 0 0 1 0 0
0 0 0 0 1 0 0
0 0 1 1 0 0 0
0 0 0 0 1 0 0

write_state_id
0 0 0 0 0 0 0
0 0 0 0 0 1 0
0 0 0 0 1 0 0
0 0 0 0 0 0 0
0 0 0 0 0 0 0
0 0 1 1 1 0 0
0 0 0 0 1 0 0

write_state_id
0 0 0 0 0 0 0
0 0 0 0 0 1 0
0 0 0 0 1 0 0
0 0 0 0 0 0 0
0 0 0 0 1 0 0
0 0 1 1 0 0 0
0 0 0 0 0 0 0

write_state_id
0 0 0 0 0 0 0
0 0 0 0 0 1 0
0 0 0 0 1 0 0
0 0 0 0 0 0 0
0 0 0 0 1 0 0
0 0 0 0 1 0 0
0 0 0 0 0 0 0

write_state_id
0 0 0 0 0 0 0
0 0 0 0 0 1 0
0 0 0 0 1 0 0
0 0 0 0 1 0 0
0 0 0 0 0 0 0
0 0 0 0 0 0 0
0 0 0 0 0 0 0

write_state_id
0 0 0 0 0 0 0
0 0 0 0 1 1 0
0 0 0 0 0 0 0
0 0 0 0 0 0 0
0 0 0 0 0 0 0
0 0 0 0 0 0 0
0 0 0 0 0 0 0

write_state_id
0 0 0 0 0 0 0
0 0 0 1 0 0 0
0 0 0 0 0 0 0
0 0 0 0 0 0 0
0 0 0 0 0 0 0
0 0 0 0 0 0 0
0 0 0 0 0 0 0

0

Queue: 0
Visited: 3351
Sum: 3351
