312
196
210
230
219
214
216
225
191
215
148
207
216
222
212
193
224
214
213
204
202
196
210
199
190
201
204
219
212
205
213
192
224
225
210
201
221
187
193
222
184
208
187
210
200
191
199
185
213
183
222
230
214
171
230
202
210
218
194
212
229
187
198
199
206
204
180
222
205
183
215
188
207
190
208
233
188
218
225
196
203
198
215
247
206
237
193
186
226
203
165
206
204
211
203
196
208
189
187
236
185
221
184
189
202
222
235
223
207
179
179
222
189
206
204
225
194
209
153
189
184
213
183
182
203
203
185
194
171
206
204
196
208
195
220
220
204
152
201
205
210
189
195
197
217
212
207
199
206
145
174
205
171
160
221
191
189
221
191
195
171
216
221
194
179
150
163
172
149
201
203
140
203
146
186
225
189
217
208
172
168
177
210
193
206
202
180
214
178
183
185
223
199
207
194
193
220
194
207
196
196
163
218
188
199
215
204
220
220
207
207
206
156
201
223
197
197
168
202
187
208
172
221
219
212
212
213
150
157
216
165
204
199
212
200
247
211
176
201
187
200
214
146
207
198
134
203
218
191
136
203
208
193
206
219
211
199
202
196
149
144
158
165
193
195
199
212
221
200
206
205
222
220
219
149
215
196
204
148
209
218
206
209
200
182
192
149
221
175
188
229
193
209
154
215
202
199
230
200
155
213
194
201
199
228
243
176
187
220
209
194
188
194
157
158
166
123
159
147
148
191
210
211
232
169
230
232
214
205
207
206
188
215
218
202
210
209
223
233
215
202
224
167
221
209
201
217
204
233
217
205
208
196
214
211
203
184
193
203
203
190
198
211
209
215
197
206
211
217
207
201
179
202
202
199
202
210
222
216
228
201
231
235
199
240
231
217
220
227
213
204
219
204
230
208
245
207
196
223
228
214
217
218
217
212
202
184
216
197
225
215
205
223
217
224
161
200
210
203
217
236
214
197
191
202
215
235
233
190
225
197
187
215
187
202
237
216
220
216
172
220
209
192
234
230
200
224
185
207
179
210
217
202
233
232
216
225
214
228
205
226
216
141
209
201
197
175
194
197
177
193
206
214
215
216
225
179
234
217
218
213
213
187
236
235
223
218
173
208
194
210
177
210
202
212
236
211
180
195
202
213
194
192
196
208
172
157
199
190
190
213
189
173
190
199
217
229
173
210
179
238
226
203
209
203
177
188
174
199
184
216
220
183
181
210
191
200
163
143
191
184
201
204
220
209
197
223
200
211
185
215
194
197
205
188
222
233
188
201
216
184
181
172
170
218
163
179
167
165
179
209
214
239
197
233
182
165
198
205
210
209
206
200
209
179
166
233
207
191
205
226
183
186
234
182
200
184
181
185
207
190
191
176
212
157
203
157
146
147
152
187
205
190
174
173
183
211
187
208
182
205
200
225
200
184
176
201
227
154
216
199
206
166
194
180
199
210
225
199
224
178
198
160
206
216
182
163
184
190
201
193
209
229
198
194
196
192
197
188
215
187
189
191
198
170
183
198
205
178
215
168
196
217
212
196
133
175
184
218
224
240
150
196
187
211
196
222
198
175
182
196
174
186
218
224
196
208
191
191
198
213
199
198
187
190
146
207
146
158
186
158
195
220
178
187
166
213
224
234
134
188
156
187
138
202
190
177
185
216
224
203
178
219
168
211
210
216
185
182
156
174
150
215
134
167
209
194
158
200
221
132
167
212
195
192
179
227
189
202
194
183
210
211
197
202
231
202
206
157
159
240
186
176
197
188
201
213
201
183
154
216
193
197
192
211
149
214
168
189
155
195
166
156
219
207
188
225