write_state_id
0 0 1 1 1 0 0
0 1 1 1 1 1 0
1 1 1 0 1 1 1
1 1 1 1 1 1 1
1 1 1 1 1 1 1
0 1 1 1 1 1 0
0 0 1 1 1 0 0

write_state_id
0 0 1 0 1 0 0
0 1 1 0 1 1 0
1 1 1 1 1 1 1
1 1 1 1 1 1 1
1 1 1 1 1 1 1
0 1 1 1 1 1 0
0 0 1 1 1 0 0

write_state_id
0 0 1 0 1 0 0
0 1 1 1 0 0 0
1 1 1 1 1 1 1
1 1 1 1 1 1 1
1 1 1 1 1 1 1
0 1 1 1 1 1 0
0 0 1 1 1 0 0

write_state_id
0 0 1 0 1 0 0
0 1 1 1 0 1 0
1 1 1 1 1 0 1
1 1 1 1 1 0 1
1 1 1 1 1 1 1
0 1 1 1 1 1 0
0 0 1 1 1 0 0

write_state_id
0 0 1 0 1 0 0
0 1 1 1 0 1 0
1 1 1 1 1 0 1
1 1 1 1 1 1 1
1 1 1 1 1 0 1
0 1 1 1 1 0 0
0 0 1 1 1 0 0

write_state_id
0 0 1 0 1 0 0
0 1 1 1 0 1 0
1 1 1 1 1 0 1
1 1 1 1 1 1 1
1 1 1 0 0 1 1
0 1 1 1 1 0 0
0 0 1 1 1 0 0

write_state_id
0 0 1 0 1 0 0
0 1 1 1 0 1 0
1 1 1 1 0 0 1
1 1 1 1 0 1 1
1 1 1 0 1 1 1
0 1 1 1 1 0 0
0 0 1 1 1 0 0

write_state_id
0 0 1 0 1 0 0
0 1 1 1 0 1 0
1 1 1 1 0 0 1
1 1 1 1 0 1 1
1 1 1 1 0 0 1
0 1 1 1 1 0 0
0 0 1 1 1 0 0

write_state_id
0 0 1 0 1 0 0
0 1 1 1 0 1 0
1 1 1 1 0 0 1
1 1 1 1 0 1 1
1 1 1 1 1 0 1
0 1 1 1 0 0 0
0 0 1 1 0 0 0

write_state_id
0 0 1 0 1 0 0
0 1 1 1 0 1 0
1 1 1 1 0 0 1
1 1 1 1 0 1 1
1 1 1 1 1 0 1
0 1 0 0 1 0 0
0 0 1 1 0 0 0

write_state_id
0 0 1 0 1 0 0
0 1 1 1 0 1 0
1 1 1 1 0 0 1
1 1 0 1 0 1 1
1 1 0 1 1 0 1
0 1 1 0 1 0 0
0 0 1 1 0 0 0

write_state_id
0 0 1 0 1 0 0
0 1 1 1 0 1 0
1 1 1 1 0 0 1
1 1 0 1 0 1 1
1 1 0 1 1 0 1
0 0 0 1 1 0 0
0 0 1 1 0 0 0

write_state_id
0 0 1 0 1 0 0
0 1 1 1 0 1 0
1 1 1 1 0 0 1
1 1 0 1 0 1 1
1 1 0 0 0 1 1
0 0 0 1 1 0 0
0 0 1 1 0 0 0

write_state_id
0 0 1 0 1 0 0
0 1 1 1 0 1 0
1 1 1 1 0 0 1
1 1 0 1 0 1 1
1 1 0 0 1 0 0
0 0 0 1 1 0 0
0 0 1 1 0 0 0

write_state_id
0 0 1 0 1 0 0
0 1 1 1 0 1 0
1 1 1 1 0 0 1
1 1 0 1 0 1 1
1 1 0 1 1 0 0
0 0 0 0 1 0 0
0 0 1 0 0 0 0

write_state_id
0 0 1 0 1 0 0
0 1 1 1 0 1 0
1 1 1 1 0 0 1
1 1 0 1 0 1 1
0 0 1 1 1 0 0
0 0 0 0 1 0 0
0 0 1 0 0 0 0

write_state_id
0 0 1 0 1 0 0
0 1 1 1 0 1 0
1 1 1 1 0 0 1
1 1 0 1 1 0 0
0 0 1 1 1 0 0
0 0 0 0 1 0 0
0 0 1 0 0 0 0

write_state_id
0 0 1 0 1 0 0
0 1 0 1 0 1 0
1 1 0 1 0 0 1
1 1 1 1 1 0 0
0 0 1 1 1 0 0
0 0 0 0 1 0 0
0 0 1 0 0 0 0

write_state_id
0 0 1 0 1 0 0
0 1 0 1 0 1 0
1 1 0 1 0 0 1
1 1 0 1 1 0 0
0 0 0 1 1 0 0
0 0 1 0 1 0 0
0 0 1 0 0 0 0

write_state_id
0 0 1 0 1 0 0
0 1 0 1 0 1 0
1 1 0 1 0 0 1
1 1 0 1 1 0 0
0 0 1 1 1 0 0
0 0 0 0 1 0 0
0 0 0 0 0 0 0

write_state_id
0 0 1 0 1 0 0
0 1 0 1 0 1 0
1 1 0 1 0 0 1
1 1 0 1 1 0 0
0 1 0 0 1 0 0
0 0 0 0 1 0 0
0 0 0 0 0 0 0

write_state_id
0 0 1 0 1 0 0
0 1 0 1 0 1 0
1 1 0 1 0 0 1
1 1 1 0 0 0 0
0 1 0 0 1 0 0
0 0 0 0 1 0 0
0 0 0 0 0 0 0

write_state_id
0 0 1 0 1 0 0
0 1 0 1 0 1 0
1 1 0 1 0 0 1
1 1 1 0 1 0 0
0 1 0 0 0 0 0
0 0 0 0 0 0 0
0 0 0 0 0 0 0

write_state_id
0 0 1 0 1 0 0
0 1 0 1 0 1 0
0 0 1 1 0 0 1
1 1 1 0 1 0 0
0 1 0 0 0 0 0
0 0 0 0 0 0 0
0 0 0 0 0 0 0

write_state_id
0 0 1 0 1 0 0
0 1 0 1 0 1 0
0 1 1 1 0 0 1
1 0 1 0 1 0 0
0 0 0 0 0 0 0
0 0 0 0 0 0 0
0 0 0 0 0 0 0

write_state_id
0 0 1 0 1 0 0
0 0 0 1 0 1 0
0 0 1 1 0 0 1
1 1 1 0 1 0 0
0 0 0 0 0 0 0
0 0 0 0 0 0 0
0 0 0 0 0 0 0

write_state_id
0 0 1 0 1 0 0
0 0 1 1 0 1 0
0 0 0 1 0 0 1
1 1 0 0 1 0 0
0 0 0 0 0 0 0
0 0 0 0 0 0 0
0 0 0 0 0 0 0

write_state_id
0 0 1 0 1 0 0
0 0 1 1 0 1 0
0 0 0 1 0 0 1
0 0 1 0 1 0 0
0 0 0 0 0 0 0
0 0 0 0 0 0 0
0 0 0 0 0 0 0

write_state_id
0 0 0 0 1 0 0
0 0 0 1 0 1 0
0 0 1 1 0 0 1
0 0 1 0 1 0 0
0 0 0 0 0 0 0
0 0 0 0 0 0 0
0 0 0 0 0 0 0

write_state_id
0 0 0 0 1 0 0
0 0 1 1 0 1 0
0 0 0 1 0 0 1
0 0 0 0 1 0 0
0 0 0 0 0 0 0
0 0 0 0 0 0 0
0 0 0 0 0 0 0

write_state_id
0 0 0 0 1 0 0
0 0 0 0 1 1 0
0 0 0 1 0 0 1
0 0 0 0 1 0 0
0 0 0 0 0 0 0
0 0 0 0 0 0 0
0 0 0 0 0 0 0

write_state_id
0 0 0 0 0 0 0
0 0 0 0 0 1 0
0 0 0 1 1 0 1
0 0 0 0 1 0 0
0 0 0 0 0 0 0
0 0 0 0 0 0 0
0 0 0 0 0 0 0

write_state_id
0 0 0 0 0 0 0
0 0 0 0 0 1 0
0 0 0 0 0 1 1
0 0 0 0 1 0 0
0 0 0 0 0 0 0
0 0 0 0 0 0 0
0 0 0 0 0 0 0

write_state_id
0 0 0 0 0 0 0
0 0 0 0 0 0 0
0 0 0 0 0 0 1
0 0 0 0 1 1 0
0 0 0 0 0 0 0
0 0 0 0 0 0 0
0 0 0 0 0 0 0

write_state_id
0 0 0 0 0 0 0
0 0 0 0 0 0 0
0 0 0 0 0 0 1
0 0 0 0 0 0 1
0 0 0 0 0 0 0
0 0 0 0 0 0 0
0 0 0 0 0 0 0

write_state_id
0 0 0 0 0 0 0
0 0 0 0 0 0 0
0 0 0 0 0 0 0
0 0 0 0 0 0 0
0 0 0 0 0 0 1
0 0 0 0 0 0 0
0 0 0 0 0 0 0

21

Stack: 157
Visited: 19 399 188
Sum: 19 399 345